"Date","AveragePrice","AveragePrice(-1)","AveragePrice(-2)"
"2015-01-04",1.0096296296296297,0,
"2015-01-11",1.1112962962962962,0.10166666666666657,
"2015-01-18",1.1335185185185186,0.022222222222222365,0.12388888888888894
"2015-01-25",1.1153703703703703,-0.018148148148148247,0.004074074074074119
"2015-02-01",0.9620370370370371,-0.1533333333333332,-0.17148148148148146
"2015-02-08",1.0303703703703704,0.06833333333333325,-0.08499999999999996
"2015-02-15",1.1290740740740741,0.09870370370370374,0.16703703703703698
"2015-02-22",1.0998148148148148,-0.029259259259259318,0.06944444444444442
"2015-03-01",1.036851851851852,-0.06296296296296289,-0.0922222222222222
"2015-03-08",1.108888888888889,0.07203703703703712,0.009074074074074234
"2015-03-15",1.140925925925926,0.032037037037036864,0.10407407407407399
"2015-03-22",1.0594444444444444,-0.08148148148148149,-0.049444444444444624
"2015-03-29",1.1033333333333333,0.043888888888888866,-0.03759259259259262
"2015-04-05",1.1333333333333333,0.030000000000000027,0.07388888888888889
"2015-04-12",1.0948148148148147,-0.03851851851851862,-0.008518518518518592
"2015-04-19",1.0996296296296297,0.004814814814815049,-0.03370370370370357
"2015-04-26",1.1396296296296295,0.039999999999999813,0.04481481481481486
"2015-05-03",1.017962962962963,-0.12166666666666659,-0.08166666666666678
"2015-05-10",1.0992592592592592,0.0812962962962962,-0.04037037037037039
"2015-05-17",1.125185185185185,0.025925925925925908,0.10722222222222211
"2015-05-24",1.0907407407407408,-0.03444444444444428,-0.00851851851851837
"2015-05-31",1.1194444444444445,0.028703703703703676,-0.005740740740740602
"2015-06-07",1.076111111111111,-0.043333333333333446,-0.01462962962962977
"2015-06-14",1.0772222222222223,0.0011111111111112848,-0.04222222222222216
"2015-06-21",1.0772222222222223,0,0.0011111111111112848
"2015-06-28",1.1153703703703703,0.03814814814814804,0.03814814814814804
"2015-07-05",1.1048148148148147,-0.010555555555555651,0.02759259259259239
"2015-07-12",1.112037037037037,0.007222222222222241,-0.0033333333333334103
"2015-07-19",1.1094444444444445,-0.0025925925925924798,0.004629629629629761
"2015-07-26",1.1292592592592594,0.01981481481481495,0.017222222222222472
"2015-08-02",1.1435185185185186,0.014259259259259194,0.034074074074074145
"2015-08-09",1.0827777777777778,-0.06074074074074076,-0.04648148148148157
"2015-08-16",1.1092592592592592,0.026481481481481328,-0.034259259259259434
"2015-08-23",1.1257407407407407,0.01648148148148154,0.04296296296296287
"2015-08-30",1.123888888888889,-0.0018518518518517713,0.01462962962962977
"2015-09-06",1.0698148148148148,-0.05407407407407416,-0.055925925925925934
"2015-09-13",1.0827777777777778,0.012962962962963065,-0.0411111111111111
"2015-09-20",1.0685185185185186,-0.014259259259259194,-0.0012962962962961289
"2015-09-27",1.08,0.011481481481481426,-0.002777777777777768
"2015-10-04",1.0675925925925926,-0.012407407407407423,-0.0009259259259259967
"2015-10-11",1.0444444444444445,-0.02314814814814814,-0.03555555555555556
"2015-10-18",1.0503703703703704,0.00592592592592589,-0.01722222222222225
"2015-10-25",1.0935185185185186,0.04314814814814816,0.04907407407407405
"2015-11-01",1.007962962962963,-0.0855555555555556,-0.04240740740740745
"2015-11-08",1.0287037037037037,0.020740740740740726,-0.06481481481481488
"2015-11-15",1.0127777777777778,-0.0159259259259259,0.004814814814814827
"2015-11-22",1.0296296296296297,0.016851851851851896,0.0009259259259259967
"2015-11-29",1.0457407407407406,0.016111111111110965,0.03296296296296286
"2015-12-06",0.9733333333333334,-0.07240740740740725,-0.05629629629629629
"2015-12-13",0.9853703703703703,0.012037037037036957,-0.060370370370370297
"2015-12-20",1.0522222222222222,0.06685185185185183,0.07888888888888879
"2015-12-27",1.0140740740740741,-0.03814814814814804,0.028703703703703787
"2016-01-03",0.9424074074074075,-0.07166666666666666,-0.1098148148148147
"2016-01-10",0.9944444444444445,0.05203703703703699,-0.019629629629629664
"2016-01-17",1.0153703703703703,0.020925925925925792,0.07296296296296279
"2016-01-24",0.9922222222222222,-0.02314814814814803,-0.0022222222222222365
"2016-01-31",0.9851851851851853,-0.007037037037036953,-0.03018518518518498
"2016-02-07",0.8222222222222222,-0.1629629629629631,-0.17000000000000004
"2016-02-14",0.9483333333333334,0.12611111111111117,-0.03685185185185191
"2016-02-21",1.0072222222222222,0.05888888888888888,0.18500000000000005
"2016-02-28",0.9714814814814815,-0.03574074074074074,0.02314814814814814
"2016-03-06",1.0166666666666666,0.045185185185185106,0.009444444444444366
"2016-03-13",0.9748148148148148,-0.04185185185185181,0.0033333333333332993
"2016-03-20",1.0040740740740741,0.029259259259259318,-0.012592592592592489
"2016-03-27",1.0096296296296297,0.005555555555555536,0.034814814814814854
"2016-04-03",0.9868518518518519,-0.022777777777777786,-0.01722222222222225
"2016-04-10",0.965,-0.0218518518518519,-0.044629629629629686
"2016-04-17",0.9653703703703704,0.0003703703703704653,-0.021481481481481435
"2016-04-24",0.9272222222222223,-0.03814814814814815,-0.03777777777777769
"2016-05-01",0.8894444444444445,-0.0377777777777778,-0.07592592592592595
"2016-05-08",0.8731481481481481,-0.016296296296296364,-0.05407407407407416
"2016-05-15",0.9274074074074073,0.05425925925925923,0.037962962962962865
"2016-05-22",0.9962962962962962,0.06888888888888889,0.12314814814814812
"2016-05-29",0.9948148148148148,-0.001481481481481417,0.06740740740740747
"2016-06-05",1.022962962962963,0.028148148148148255,0.02666666666666684
"2016-06-12",1.097037037037037,0.07407407407407396,0.10222222222222221
"2016-06-19",1.0733333333333333,-0.023703703703703782,0.05037037037037018
"2016-06-26",1.0968518518518517,0.023518518518518494,-0.00018518518518528815
"2016-07-03",1.0937037037037038,-0.0031481481481479,0.020370370370370594
"2016-07-10",1.1333333333333333,0.03962962962962946,0.03648148148148156
"2016-07-17",1.1868518518518518,0.05351851851851852,0.09314814814814798
"2016-07-24",1.2412962962962963,0.05444444444444452,0.10796296296296304
"2016-07-31",1.2716666666666667,0.03037037037037038,0.0848148148148149
"2016-08-07",1.2148148148148148,-0.05685185185185193,-0.02648148148148155
"2016-08-14",1.1674074074074074,-0.04740740740740734,-0.10425925925925927
"2016-08-21",1.1727777777777777,0.005370370370370248,-0.042037037037037095
"2016-08-28",1.164074074074074,-0.008703703703703658,-0.0033333333333334103
"2016-09-04",1.134074074074074,-0.030000000000000027,-0.038703703703703685
"2016-09-11",1.135925925925926,0.0018518518518519933,-0.028148148148148033
"2016-09-18",1.2046296296296295,0.06870370370370349,0.07055555555555548
"2016-09-25",1.2772222222222223,0.07259259259259276,0.14129629629629625
"2016-10-02",1.2953703703703705,0.018148148148148247,0.09074074074074101
"2016-10-09",1.315185185185185,0.019814814814814508,0.037962962962962754
"2016-10-16",1.3301851851851851,0.015000000000000124,0.03481481481481463
"2016-10-23",1.377777777777778,0.04759259259259285,0.06259259259259298
"2016-10-30",1.447962962962963,0.0701851851851849,0.11777777777777776
"2016-11-06",1.476111111111111,0.028148148148148033,0.09833333333333294
"2016-11-13",1.4042592592592593,-0.07185185185185161,-0.04370370370370358
"2016-11-20",1.3392592592592594,-0.06499999999999995,-0.13685185185185156
"2016-11-27",1.2931481481481482,-0.046111111111111214,-0.11111111111111116
"2016-12-04",1.1022222222222222,-0.19092592592592594,-0.23703703703703716
"2016-12-11",1.0775925925925927,-0.024629629629629557,-0.2155555555555555
"2016-12-18",1.0474074074074073,-0.030185185185185315,-0.05481481481481487
"2016-12-25",1.0868518518518517,0.03944444444444439,0.009259259259259078
"2017-01-01",0.985925925925926,-0.10092592592592575,-0.06148148148148136
"2017-01-08",1.06,0.07407407407407407,-0.026851851851851682
"2017-01-15",1.0877777777777777,0.02777777777777768,0.10185185185185175
"2017-01-22",1.020925925925926,-0.06685185185185172,-0.03907407407407404
"2017-01-29",1.0631481481481482,0.04222222222222216,-0.024629629629629557
"2017-02-05",0.8637037037037038,-0.19944444444444442,-0.15722222222222226
"2017-02-12",0.9546296296296296,0.09092592592592585,-0.10851851851851857
"2017-02-19",1.1094444444444445,0.15481481481481485,0.2457407407407407
"2017-02-26",1.0931481481481482,-0.016296296296296253,0.1385185185185186
"2017-03-05",1.197962962962963,0.1048148148148147,0.08851851851851844
"2017-03-12",1.3135185185185188,0.11555555555555586,0.22037037037037055
"2017-03-19",1.328888888888889,0.015370370370370257,0.1309259259259261
"2017-03-26",1.3279629629629628,-0.0009259259259262187,0.014444444444444038
"2017-04-02",1.3307407407407408,0.00277777777777799,0.0018518518518517713
"2017-04-09",1.3068518518518517,-0.02388888888888907,-0.02111111111111108
"2017-04-16",1.3279629629629628,0.02111111111111108,-0.00277777777777799
"2017-04-23",1.2990740740740743,-0.02888888888888852,-0.007777777777777439
"2017-04-30",1.274074074074074,-0.025000000000000355,-0.053888888888888875
"2017-05-07",1.1624074074074076,-0.11166666666666636,-0.13666666666666671
"2017-05-14",1.285,0.12259259259259236,0.010925925925926006
"2017-05-21",1.323888888888889,0.03888888888888897,0.16148148148148134
"2017-05-28",1.3490740740740739,0.025185185185184977,0.06407407407407395
"2017-06-04",1.3387037037037037,-0.010370370370370141,0.014814814814814836
"2017-06-11",1.305,-0.03370370370370379,-0.04407407407407393
"2017-06-18",1.274074074074074,-0.030925925925926023,-0.06462962962962981
"2017-06-25",1.2364814814814815,-0.0375925925925924,-0.06851851851851842
"2017-07-02",1.2653703703703703,0.028888888888888742,-0.008703703703703658
"2017-07-09",1.2346296296296297,-0.030740740740740513,-0.0018518518518517713
"2017-07-16",1.364074074074074,0.12944444444444425,0.09870370370370374
"2017-07-23",1.3572222222222223,-0.006851851851851665,0.12259259259259259
"2017-07-30",1.3711111111111112,0.01388888888888884,0.007037037037037175
"2017-08-06",1.3783333333333334,0.007222222222222241,0.02111111111111108
"2017-08-13",1.4025925925925924,0.02425925925925898,0.03148148148148122
"2017-08-20",1.4696296296296296,0.06703703703703723,0.09129629629629621
"2017-08-27",1.5053703703703705,0.03574074074074085,0.10277777777777808
"2017-09-03",1.6166666666666667,0.11129629629629623,0.14703703703703708
"2017-09-10",1.6112962962962964,-0.005370370370370248,0.10592592592592598
"2017-09-17",1.6040740740740742,-0.007222222222222241,-0.012592592592592489
"2017-09-24",1.651851851851852,0.0477777777777777,0.040555555555555456
"2017-10-01",1.6946296296296297,0.0427777777777778,0.0905555555555555
"2017-10-08",1.705925925925926,0.01129629629629636,0.05407407407407416
"2017-10-15",1.6218518518518519,-0.08407407407407419,-0.07277777777777783
"2017-10-22",1.4974074074074073,-0.12444444444444458,-0.20851851851851877
"2017-10-29",1.3485185185185184,-0.14888888888888885,-0.27333333333333343
"2017-11-05",1.280925925925926,-0.06759259259259243,-0.21648148148148127
"2017-11-12",1.219814814814815,-0.061111111111111116,-0.12870370370370354
